50
99
162
208
272
325
388
448
524
578
652
722
788
867
931
1017
1083
1168
1250
1348
1436
1516
1587
1675
1744
1813
1875
1996
2048
2151
2259
2367
2428
2523
2588
2672
2763
2853
2932
3033
3136
3211
3308
3412
3501
3609
3703
3775
3871
3951
4052
4132
4208
4336
4418
4496
4624
4748
4852
4925
5013
5116
5193
5283
5409
5537
5625
5716
5788
5884
5968
6093
6219
6316
6419
6508
6647
6725
6813
6896
6976
7108
7204
7312
7408
7508
7677
7792
7925
7988
8116
8199
8336
8405
8516
8644
8768
8852
8959
9076
9171
9245
9364
9477
9559
9621
9751
9868
9981
10096
10228
10364
10469
10588
10684
10769
10844
10953
11068
11163
11241
11372
11511
11612
11709
11812
11888
12044
12196
12299
12368
12484
12668
12764
12897
13023
13136
13239
13329
13436
13525
13652
13778
13868
14027
14108
14211
14324
14452
14528
14661
14801
14932
15043
15172
15291
15376
15471
15536
15676
15788
15979
16064
16175
16304
16396
16513
16624
16807
16876
16976
17075
17163
17356
17452
17588
17744
17872
17983
18068
18188
18277
18421
18556
18621
18752
18884
18999
19133
19225
19359
19472
19636
19723
19863
19984
20092
20236
20396
20464
20583
20673
20799
20933
21104
21188
21303
21447
21572
21676
21776
21908
22004
22096
22228
22384
22588
22676
22775
22883
22972
23125
23228
23353
23468
23536
23697
23823
23931
24059
24183
24291
24399
24512
24652
24796
24903
25072
25181
25264
25372
25516
25587
25677
25796
25936
26084
26225
26353
26533
26645
26756
26876
27044
27172
27308
27428
27549
27668
27801
27925
28037
28108
28233
28467
28592
28717
28827
28953
29079
29241
29324
29476
29675
29776
29889
29968
30087
30224
30325
30416
30575
30692
30812
30925
31113
31205
31316
31468
31516
31703
31797
31925
32031
32157
32269
32356
32468
32588
32684
32884
33025
33129
33268
33392
33517
33692
33856
34025
34156
34263
34389
34508
34659
34796
34948
35073
35231
35324
35444
35559
35703
35825
35996
36063
36196
36364
36461
36592
36724
36837
36964
37124
37225
37341
37456
37564
37681
37809
37892
38032
38132
38288
38384
38524
38627
38716
38884
39051
39164
39316
39428
39532
39628
39764
40000
40148
40276
40384
40523
40624
40708
40817
40988
41111
41284
41425
41596
41787
41859
41984
42116
42287
42419
42512
42628
42831
42956
43072
43169
43325
43436
43556
43712
43856
43984
44224
44348
44433
44559
44656
44757
44956
45056
45167
45316
45461
45602
45729
45859
45964
46108
46343
46484
46672
46775
46881
47069
47156
47308
47457
47548
47708
47827
47997
48148
48275
48404
48521
48652
48771
48908
49041
49216
49328
49472
49563
49675
49825
49964
50067
50176
50319
50519
50672
50788
50911
51005
51164
51309
51453
51628
51725
51875
52011
52083
52172
52336
52443
52604
52732
52868
52964
53119
53248
53343
53468
53577
53744
53829
54025
54256
54387
54511
54676
54801
54916
55075
55199
55323
55451
55557
55732
55868
55989
56129
56307
56421
56528
56675
56768
56912
57025
57212
57319
57429
57604
57748
57872
58059
58204
58325
58508
58621
58768
58868
58964
59084
59216
59373
59468
59575
59728
59858
59975
60201
60292
60381
60524
60633
60831
60964
61084
61196
61328
61492
61604
61756
61868
62044
62204
62428
62541
62631
62716
62908
63009
63125
63243
63424
63556
63725
63847
64028
64143
64304
64412
64564
64732
64832
64924
65168
65332
65461
65584
65741
65889
66064
66181
66412
66512
66628
66775
66983
67131
67264
67372
67504
67669
67769
67904
68031
68123
68212
68368
68468
68624
68764
68951
69121
69268
69392
69532
69629
69725
69817
69932
70075
70256
70407
70592
70732
70893
70996
71132
71271
71404
71524
71684
71836
71948
72164
72272
72473
72539
72704
72796
72916
73028
73177
73364
73484
73629
73791
73936
74079
74191
74332
74439
74627
74768
74899
75028
75248
75476
75625
75788
75901
76023
76171
76324
76556
76689
76833
76975
77092
77276
77524
77643
77741
77841
77956
78093
78237
78327
78449
78704
78821
78956
79047
79202
79331
79461
79564
79723
79803
79972
80063
80204
80361
80492
80624
80732
80932
81099
81275
81388
81475
81603
81733
81875
82028
82197
82396
82539
82672
82827
82972
83036
83156
83313
83516
83632
83728
83907
84068
84176
84356
84496
84652
84771
84897
84988
85168
85292
85508
85603
85732
85924
86068
86227
86348
86468
86607
86704
86903
87028
87111
87275
87475
87616
87741
87925
88049
88175
88299
88372
88496
88628
88739
88947
89093
89212
89379
89525
89719
89876
90063
90256
90425
90544
90604
90788
90908
91024
91189
91359
91467
91597
91723
91852
92007
92116
92275
92439
92572
92725
92836
93004
93149
93244
93424
93584
93788
93988
94133
94225
94375
94508
94691
94825
94987
95092
95276
95463
95552
95661
95825
95972
96147
96275
96412
96532
96651
96788
96988
97168
97363
97513
97675
97803
97936
98036
98132
98284
98524
98684
98833
99063
99196
99364
99472
99628
99772
99908
100052
100175
100304
100444
100557
100684
100917
101056
101225
101312
101425
101564
101756
101872
101979
102164
102321
102436
102556
102736
102868
103036
103204
103325
103439
103556
103696
103804
103941
104128
104336
104428
104611
104752
104909
105052
105201
105309
105475
105625
105773
105988
106075
106263
106448
106564
106748
106807
106892
107073
107248
107396
107516
107708
107829
108044
108175
108333
108437
108608
108736
108956
109084
109287
109413
109588
109748
109907
110108
110204
110324
110512
110672
110827
110996
111116
111199
111357
111425
111616
111747
111856
112004
112124
112304
112409
112553
112688
112851
112977
113141
113276
113548
113716
113788
113996
114129
114244
114388
114484
114596
114733
114892
115075
115217
115348
115461
115604
115792
115952
116084
116225
116425
116559
116692
116804
116924
117063
117207
117332
117532
117616
117891
118075
118201
118324
118467
118647
118784
118971
119169
119348
119491
119673
119792
119932
120044
120188
120368
120476
120625
120753
120892
121059
121177
121364
121511
121669
121841
122036
122212
122372
122571
122697
122828
123028
123184
123268
123381
123489
123584
123796
123908
124101
124252
124461
124607
124732
124891
124983
125075
125225
125308
125516
125667
125939
126044
126164
126297
126508
126668
126871
126929
127057
127216
127408
127552
127828
127936
128144
128241
128396
128624
128764
128943
129104
129292
129424
129508
129681
129771
129925
130041
130225
130331
130491
130671
130825
130891
131072
131212
131372
131548
131696
131787
131913
132021
132116
132291
132428
132596
132688
132779
132892
133072
133244
133388
133563
133659
133819
133972
134144
134308
134451
134559
134703
134852
134996
135117
135236
135425
135572
135764
135963
136132
136251
136516
136661
136775
136975
137068
137169
137331
137468
137601
137756
137932
138032
138175
138332
138429
138609
138812
138956
139075
139225
139364
139456
139563
139763
139952
140176
140324
140447
140575
140743
140912
141028
141147
141308
141463
141604
141725
141849
142028
142144
142281
142388
142721
142924
143036
143204
143324
143452
143588
143739
143972
144063
144244
144436
144603
144747
144836
144999
145111
145251
145412
145579
145744
145953
146075
146204
146348
146483
146675
146768
146951
147049
147172
147332
147539
147676
147789
147983
148077
148244
148468
148684
148825
148977
149168
149348
149456
149607
149696
149859
150004
150188
150283
150428
150569
150723
150867
151024
151196
151376
151484
151664
151856
151981
152176
152332
152476
152624
152811
152929
153124
153275
153392
153572
153796
153959
154107
154325
154503
154624
154759
154864
154988
155151
155311
155492
155668
155836
155969
156164
156304
156412
156532
156643
156775
156916
157001
157241
157364
157473
157633
157775
157936
158084
158221
158391
158512
158716
158913
159056
159284
159397
159548
159716
159884
160043
160156
160372
160533
160652
160852
161012
161156
161344
161488
161716
161829
161984
162124
162313
162423
162556
162788
162896
163088
163216
163341
163516
163675
163807
164003
164099
164272
164375
164561
164681
164804
164932
165056
165179
165364
165524
165677
165897
166028
166133
166316
166437
166588
166753
166928
167044
167237
167359
167525
167644
167812
167984
168125
168325
168496
168687
168836
169028
169173
169375
169525
169636
169775
169857
170032
170217
170416
170572
170725
170836
171008
171148
171333
171425
171621
171728
171868
172052
172211
172412
172549
172708
172892
173044
173133
173324
173504
173632
173764
173924
174119
174256
174391
174483
174604
174789
174925
175041
175167
175325
175509
175652
175807
175936
176068
176193
176425
176524
176804
176996
177116
177233
177419
177543
177777
177932
178096
178213
178384
178564
178732
178803
179001
179188
179309
179425
179647
179811
179888
180016
180176
180332
180484
180644
180801
181017
181153
181276
181359
181568
181708
181971
182164
182348
182452
182673
182831
183004
183123
183268
183347
183548
183725
183836
184048
184256
184372
184581
184724
184825
185084
185251
185393
185552
185788
185908
186057
186268
186425
186572
186724
186832
187004
187184
187276
187429
187556
187828
188068
188204
188432
188523
188639
188773
188948
189076
189188
189296
189452
189607
189764
189953
190075
190169
190324
190447
190556
190737
190899
191024
191188
191348
191536
191727
191853
192025
192123
192393
192521
192628
192772
193023
193196
193364
193484
193628
193748
193904
194031
194164
194368
194476
194588
194716
195004
195148
195291
195436
195625
195788
195938
196048
196148
196304
196468
196608
196731
196844
197037
197199
197356
197487
197644
197804
197973
198116
198207
198401
198544
198711
198844
198999
199197
199324
199539
199699
199792
199972
200204
200331
200459
200547
200656
200851
201077
201244
201424
201541
201692
201897
202025
202204
202347
202509
202681
202811
202969
203139
203396
203571
203733
203876
204025
204219
204381
204548
204772
204901
205011
205168
205364
205525
205677
205781
205916
206084
206288
206428
206575
206672
206732
206884
207148
207261
207356
207507
207652
207791
207964
208112
208276
208484
208652
208784
208937
209075
209344
209511
209675
209867
210032
210172
210339
210556
210725
210879
211028
211228
211444
211604
211828
211924
212049
212229
212372
212516
212656
212788
213008
213116
213273
213471
213597
213748
213952
214196
214325
214443
214556
214772
214933
215092
215217
215396
215575
215708
215813
216009
216151
216261
216441
216629
216763
216896
217025
217148
217323
217484
217629
217773
217904
218048
218151
218275
218468
218668
218852
219025
219131
219339
219519
219663
219771
219951
220144
220228
220436
220588
220784
220912
221049
221264
221372
221551
221679
221948
222093
222273
222476
222644
222741
222896
223075
223225
223325
223472
223612
223783
223984
224163
224287
224464
224684
224828
224996
225181
225328
225547
225728
225892
226025
226124
226364
226467
226624
226724
226948
227117
227236
227359
227564
227709
227801
227956
228148
228303
228428
228572
228764
228951
229077
229184
229325
229525
229708
229948
230108
230236
230404
230564
230716
230852
230975
231111
231236
231412
231596
231723
231908
232075
232228
232396
232604
232772
232857
232975
233152
233348
233476
233575
233756
233924
234148
234275
234425
234628
234775
234932
235072
235269
235475
235629
235772
235868
236036
236144
236276
236372
236528
236675
236837
236932
237123
237339
237488
237628
237807
237904
238052
238228
238444
238592
238684
238892
239024
239216
239459
239684
239924
240147
240291
240412
240507
240633
240818
241028
241163
241299
241492
241637
241767
241929
242096
242225
242444
242576
242716
242908
243025
243125
243331
243531
243632
243728
243927
244124
244228
244484
244611
244773
244927
245147
245277
245428
245539
245691
245932
246032
246212
246412
246517
246608
246775
246916
247075
247276
247472
247675
247868
247959
248176
248284
248516
248656
248823
248969
249218
249309
249597
249692
249868
250000
250137
250252
250353
250469
250625
250804
250947
251164
251444
251584
251703
251829
251975
252236
252325
252508
252639
252788
252964
253168
253331
253467
253636
253809
253972
254097
254261
254428
254588
254684
254825
255044
255236
255367
255575
255716
255988
256123
256293
256448
256617
256825
256924
257072
257211
257344
257525
257623
257762
257913
258052
258273
258404
258532
258739
258928
259124
259268
259508
259648
259775
259984
260141
260368
260516
260675
260812
261068
261236
261424
261549
261692
261808
262003
262172
262316
262457
262588
262796
262876
263108
263233
263331
263524
263708
263888
263979
264188
264332
264512
264699
264861
264987
265237
265444
265625
265792
265996
266121
266275
266413
266575
266732
266932
267052
267219
267412
267664
267777
267908
268172
268316
268481
268628
268803
268911
269163
269312
269504
269647
269811
269936
270092
270261
270431
270639
270796
270919
271019
271132
271276
271445
271583
271708
271844
271963
272192
272331
272444
272588
272763
272881
273123
273344
273519
273748
273908
274004
274193
274419
274544
274675
274851
274999
275084
275337
275564
275696
275967
276116
276311
276476
276667
276788
276956
277075
277281
277461
277604
277731
277868
277988
278199
278379
278672
278836
279044
279199
279325
279436
279631
279819
279988
280133
280323
280484
280625
280732
280948
281075
281223
281308
281492
281692
281828
281968
282148
282353
282484
282652
282896
283076
283312
283417
283617
283759
283876
283988
284176
284391
284575
284684
284912
285044
285268
285392
285548
285644
285808
285939
286173
286307
286588
286731
286828
286964
287163
287307
287483
287613
287744
287919
288081
288188
288356
288556
288692
288832
288944
289084
289252
289412
289552
289792
289925
290128
290259
290423
290596
290756
290889
291033
291188
291425
291572
291697
291807
291925
292052
292244
292419
292563
292779
292975
293108
293275
293427
293516
293732
293908
294183
294343
294436
294575
294725
294928
295069
295216
295376
295525
295756
295888
296087
296257
296381
296575
296675
296836
296937
297175
297328
297452
297575
297747
297884
298075
298268
298436
298547
298796
298899
299036
299225
299408
299537
299696
299853
300068
300177
300368
300592
300724
300892
301025
301228
301388
301527
301748
301923
302121
302272
302391
302525
302636
302732
302859
303092
303327
303575
303748
303925
304016
304208
304375
304588
304713
304927
305075
305233
305379
305612
305924
306059
306181
306325
306513
306668
306887
307051
307204
307312
307431
307573
307792
307984
308092
308288
308457
308668
308783
308944
309076
309268
309397
309508
309788
309956
310099
310225
310348
310509
310671
310807
310892
311092
311297
311452
311596
311744
311931
312059
312175
312404
312575
312723
312896
313061
313263
313501
313648
313792
314036
314176
314332
314492
314629
314852
315116
315218
315412
315548
315689
315891
316016
316172
316348
316532
316657
316816
317033
317204
317332
317468
317588
317776
317929
318124
318256
318452
318593
318748
318832
319075
319252
319408
319563
319743
319877
319975
320192
320337
320512
320668
320828
321025
321136
321364
321579
321777
321939
322148
322281
322469
322576
322724
322832
322996
323156
323307
323559
323716
323825
323991
324117
324243
324388
324575
324724
324928
325124
325213
325372
325552
325712
325904
326108
326236
326367
326512
326668
326817
326996
327177
327357
327532
327680
327812
328028
328131
328268
328473
328683
328772
328879
329008
329204
329391
329548
329776
329917
330093
330236
330399
330489
330741
330916
331083
331196
331387
331533
331713
331952
332091
332252
332361
332548
332811
332924
333076
333217
333428
333559
333739
333884
334175
334352
334468
334564
334773
334876
335092
335275
335428
335684
335876
336044
336213
336304
336508
336681
336807
336956
337196
337396
337509
337653
337772
337923
338051
338204
338356
338516
338697
338864
338992
339172
339376
339632
339859
340036
340281
340403
340528
340707
340892
341036
341168
341383
341579
341756
341919
342068
342256
342404
342508
342668
342812
343025
343276
343412
343637
343792
343975
344079
344332
344468
344591
344777
344944
344999
345148
345292
345428
345596
345793
345951
346113
346316
346509
346816
346928
347084
347372
347499
347716
347876
348044
348148
348325
348417
348604
348748
349012
349136
349292
349532
349708
349924
350092
350228
350356
350531
350656
350793
350972
351207
351387
351581
351772
351892
352017
352148
352316
352467
352687
352892
353041
353159
353339
353516
353728
353884
354064
354231
354428
354604
354724
354925
355088
355216
355412
355588
355689
355988
356121
356276
356432
356607
356812
356924
357092
357316
357493
357597
357797
357964
358096
358244
358396
358532
358675
358893
359116
359276
359468
359675
359811
359956
360076
360199
360333
360531
360703
360837
360988
361124
361227
361472
361604
361805
361975
362133
362277
362524
362704
362924
363148
363292
363472
363644
363824
363925
364096
364304
364432
364563
364761
364912
365072
365236
365476
365553
365725
365828
366025
366291
366416
366692
366867
367083
367209
367376
367492
367684
367859
367961
368075
368272
368397
368525
368675
368876
368944
369136
369296
369441
369532
369676
369872
370053
370287
370449
370593
370684
370809
370989
371077
371204
371293
371452
371675
371861
372032
372275
372412
372524
372604
372752
372983
373099
373276
373475
373676
373851
373948
374211
374336
374481
374672
374859
375052
375244
375488
375625
375781
375932
376083
376281
376468
376612
376804
376957
377075
377275
377404
377525
377648
377756
377968
378124
378236
378412
378604
378747
378988
379124
379309
379413
379628
379809
379972
380048
380272
380404
380612
380764
380943
381068
381244
381475
381604
381725
381897
382028
382167
382288
382475
382604
382852
383021
383156
383263
383461
383632
383769
383956
384112
384304
384425
384628
384759
384892
385052
385232
385412
385552
385677
385804
385948
386108
386307
386487
386675
386864
387027
387171
387388
387459
387644
387836
388004
388175
388412
388628
388748
388975
389212
389468
389575
389764
389936
390139
390256
390464
390608
390843
391075
391232
391388
391532
391724
391948
392164
392373
392498
392697
392859
393076
393284
393425
393613
393776
393916
394083
394244
394389
394597
394803
394925
395075
395291
395476
395629
395756
395924
396068
396263
396475
396557
396764
396944
397071
397225
397456
397588
397733
397948
398116
398252
398421
398529
398756
398975
399203
399332
399472
399628
399829
400025
400208
400436
400563
400756
400852
401068
401252
401428
401572
401697
401825
401972
402148
402309
402448
402659
402775
402932
403101
403244
403417
403659
403828
403983
404181
404375
404503
404644
404812
404887
405116
405292
405436
405584
405729
405932
406071
406233
406396
406553
406675
406804
406996
407223
407367
407525
407684
407891
408069
408172
408325
408501
408725
408916
409036
409268
409436
409628
409787
409996
410156
410301
410473
410672
410825
411061
411244
411364
411652
411867
412025
412268
412372
412531
412736
412948
413119
413343
413564
413684
413872
414116
414243
414441
414608
414796
414927
415204
415373
415556
415775
415924
416048
416233
416356
416511
416709
416923
417141
417325
417476
417605
417856
418023
418196
418313
418492
418607
418772
418892
419031
419157
419339
419516
419697
419813
419996
420148
420284
420543
420692
420908
421004
421253
421364
421516
421712
421879
421996
422132
422384
422527
422731
422932
423068
423344
423484
423652
423837
424016
424161
424436
424624
424825
424976
425133
425276
425468
425637
425732
425853
426124
426177
426364
426628
426767
426899
427004
427132
427408
427475
427617
427748
427887
428075
428224
428391
428497
428732
428897
429019
429175
429356
429508
429764
429892
430096
430281
430436
430684
430821
430975
431163
431347
431477
431649
431793
432017
432153
432297
432508
432719
432892
433052
433168
433325
433516
433683
433844
434012
434223
434439
434624
434825
435033
435177
435425
435532
435692
435836
436004
436196
436383
436496
436675
436797
437012
437212
437319
437499
437692
437824
437967
438125
438316
438476
438643
438848
439004
439191
439325
439407
439588
439696
439843
440068
440236
440516
440732
440921
441049
441284
441369
441621
441836
442012
442107
442273
442412
442521
442737
442916
443056
443225
443401
443637
443728
443831
444016
444208
444383
444519
444699
444848
444977
445168
445364
445609
445761
445941
446067
446308
446464
446612
446877
447025
447152
447308
447428
447651
447728
447908
448076
448276
448444
448649
448817
448925
449044
449275
449375
449487
449716
449924
450163
450325
450484
450693
450909
451071
451196
451372
451508
451676
451916
452084
452252
452419
452528
452644
452809
452944
453125
453325
453452
453632
453871
454131
454364
454525
454732
454887
454996
455152
455348
455575
455725
455859
456049
456208
456331
456592
456759
456884
457101
457259
457484
457641
457775
457893
458096
458225
458396
458572
458704
458882
459044
459196
459387
459532
459776
460016
460163
460323
460492
460688
460827
461008
461201
461308
461444
461563
461763
461996
462123
462341
462447
462628
462772
462932
463075
463168
463324
463444
463564
463724
463924
464164
464356
464452
464636
464804
465021
465172
465404
465548
465788
465971
466112
466213
466525
466731
466876
467107
467275
467396
467612
467739
467876
467999
468172
468404
468532
468729
468925
469089
469276
469377
469556
469708
469925
470128
470277
470416
470601
470812
470975
471148
471331
471501
471616
471827
471964
472204
472475
472652
472801
472959
473072
473168
473389
473596
473751
473972
474172
474281
474412
474608
474736
474928
475153
475324
475533
475652
475868
476109
476228
476361
476613
476757
476917
477103
477244
477452
477693
477837
478053
478228
478475
478612
478748
478864
479079
479236
479403
479529
479728
479907
480087
480231
480388
480484
480724
480925
481088
481324
481552
481708
481856
482111
482225
482368
482553
482684
482833
482975
483125
483268
483404
483579
483764
483957
484084
484267
484375
484628
484749
484983
485104
485284
485425
485537
485696
485876
486028
486224
486333
486524
486619
486844
487075
487251
487501
487684
487868
488108
488272
488468
488637
488836
488975
489119
489284
489452
489596
489789
489933
490096
490288
490437
490607
490816
491011
491156
491332
491471
491632
491828
492025
492208
492399
492533
492812
492956
493083
493292
493492
493628
493775
493904
494068
494253
494459
494612
494825
494948
495148
495316
495475
495657
495892
496025
496323
496525
496624
496809
496971
497188
497331
497431
497732
497908
497997
498164
498352
498541
498692
498832
499012
499108
499292
499509
499733
499924
500048
500275
500432
500575
500747
500912
501056
501196
501356
501548
501764
501988
502137
502317
502443
502556
502676
502839
503001
503149
503289
503548
503703
503836
504044
504161
504325
504512
504692
504847
505017
505228
505396
505611
505773
505924
506068
506288
506452
506612
506812
506956
507175
507356
507537
507772
507956
508148
508321
508492
508652
508793
508925
509121
509284
509531
509697
509948
510129
510275
510417
510596
510724
510903
511021
511228
511389
511552
511724
511988
512163
512361
512491
512667
512816
512956
513148
513325
513404
513584
513725
513872
514036
514251
514412
514593
514719
514928
515068
515259
515348
515533
515728
515884
516004
516141
516357
516508
516784
516884
517108
517203
517388
517604
517761
517925
518031
518139
518324
518516
518684
518861
518996
519172
519381
519548
519725
519884
520048
520175
520316
520528
520723
520964
521104
521264
521425
521644
521825
521975
522188
522367
522487
522596
522772
523025
523267
523379
523529
523811
523953
524092
524252
524439
524575
524816
524996
525244
525328
525475
525631
525771
525951
526077
526324
526556
526748
526897
527056
527188
527413
527564
527756
527923
528188
528368
528575
528725
528925
529101
529216
529468
529684
529904
530109
530275
530444
530624
530716
530836
531008
531175
531376
531567
531725
531884
532052
532204
532388
532592
532773
532964
533072
533187
533367
533529
533668
533972
534213
534388
534537
534628
534788
534969
535183
535277
535475
535625
535877
536048
536229
536499
536643
536807
536931
537076
537275
537364
537507
537616
537829
538011
538119
538352
538603
538816
538975
539156
539361
539468
539636
539824
540025
540172
540325
540513
540724
540844
541028
541197
541307
541504
541696
541808
541891
542132
542321
542439
542576
542781
542908
543056
543316
543472
543652
543916
544127
544301
544496
544689
544832
545027
545308
545409
545525
545684
545841
545975
546111
546292
546471
546575
546772
546867
547012
547283
547436
547641
547805
547996
548176
548356
548572
548731
548876
549067
549243
549412
549513
549757
549872
550075
550268
550388
550625
550852
550976
551212
551468
551636
551789
551972
552087
552267
552411
552628
552725
552857
553075
553276
553408
553599
553712
553923
554049
554252
554396
554516
554672
554787
554956
555172
555364
555536
555725
555908
556175
556364
556532
556775
556963
557164
557283
557476
557584
557756
557932
558044
558351
558477
558652
558836
559024
559179
559324
559525
559701
559863
559964
560228
560457
560684
560816
560943
561123
561296
561452
561676
561807
562064
562203
562348
562473
562601
562756
562924
563092
563319
563468
563575
563716
563932
564183
564325
564507
564716
564932
565108
565232
565443
565643
565808
565993
566127
566343
566497
566708
566819
566924
567104
567275
567425
567643
567763
567927
568112
568244
568475
568628
568773
569063
569225
569429
569575
569732
570004
570159
570249
570404
570628
570844
571156
571348
571484
571689
571869
572031
572283
572452
572661
572823
573003
573164
573349
573548
573687
573908
574029
574144
574281
574436
574677
574844
575109
575275
575425
575639
575839
575984
576148
576325
576556
576692
576851
577072
577175
577367
577552
577711
577925
578133
578275
578511
578668
578836
578992
579164
579356
579556
579764
579925
580075
580208
580401
580675
580861
581036
581211
581409
581589
581764
581949
582111
582275
582425
582656
582867
583025
583196
583316
583516
583724
583893
584084
584227
584308
584464
584692
584816
585008
585188
585328
585532
585668
585891
586071
586175
586324
586539
586676
586832
587069
587332
587421
587637
587907
588059
588245
588425
588556
588725
588908
589041
589196
589388
589588
589804
589924
590032
590188
590332
590516
590684
590825
590956
591116
591296
591452
591577
591867
592052
592292
592533
592659
592804
592976
593289
593393
593575
593756
593884
594052
594224
594436
594676
594859
595007
595216
595436
595564
595719
595889
596063
596269
596425
596637
596788
596996
597136
597292
597424
597627
597764
597941
598076
598177
598352
598516
598833
598977
599139
599356
599553
599744
599877
600112
600268
600343
600489
600725
600836
600976
601133
601249
601424
601573
601733
601893
602068
602204
602348
602487
602636
602825
603068
603297
603472
603556
603716
603952
604096
604228
604484
604652
604804
604964
605079
605349
605516
605637
605884
606051
606175
606316
606447
606572
606699
606868
607084
607268
607419
607599
607783
607925
608116
608301
608492
608756
608879
609148
609344
609556
609716
609836
610076
610209
610393
610516
610672
610916
611075
611177
611343
611451
611631
611792
611924
612176
612353
612496
612725
613017
613124
613323
613413
613636
613796
613971
614132
614356
614529
614803
614972
615227
615376
615591
615796
615988
616228
616324
616475
616689
616887
616988
617152
617332
617499
617725
617947
618172
618331
618476
618687
618796
619012
619184
619364
619456
619588
619825
620012
620177
620332
620548
620737
620937
621171
621281
621499
621603
621812
622004
622156
622316
622459
622675
622787
622925
623075
623188
623331
623536
623779
624033
624275
624436
624604
624753
624964
625147
625316
625444
625648
625825
625972
626269
626476
626624
626812
626949
627184
627364
627632
627772
627903
628028
628244
628436
628564
628731
628893
629072
629168
629312
629563
629725
629919
630061
630284
630475
630667
630884
631024
631109
631292
631468
631628
631808
632036
632176
632467
632644
632816
632943
633125
633299
633452
633664
633847
634028
634148
634329
634532
634761
634991
635139
635301
635468
635636
635913
636068
636292
636464
636656
636775
636932
637172
637396
637569
637713
637888
638032
638164
638284
638523
638684
638828
638991
639116
639332
639476
639664
639916
640076
640225
640377
640564
640732
640975
641252
641439
641584
641677
641869
642028
642177
642364
642496
642604
642748
642897
643028
643239
643364
643628
643793
643924
644068
644236
644399
644624
644932
645056
645293
645452
645644
645836
646025
646172
646292
646533
646729
646868
646983
647116
647344
647522
647692
647847
647984
648221
648387
648572
648819
648981
649172
649436
649557
649828
650032
650116
650252
650439
650596
650812
650996
651152
651292
651412
651628
651892
652108
652293
652475
652676
652816
652975
653219
653452
653572
653668
653908
654064
654268
654425
654548
654725
654973
655163
655364
655532
655699
655889
655988
656181
656307
656453
656596
656793
656932
657116
657241
657425
657548
657725
657908
658124
658361
658508
658708
658972
659216
659348
659619
659753
659975
660164
660304
660425
660724
660916
661131
661252
661396
661568
661796
661973
662132
662236
662404
662528
662733
662859
663116
663313
663489
663759
663932
664108
664325
664623
664775
664929
665156
665404
665572
665716
665872
666032
666256
666416
666572
666716
666896
667124
667301
667396
667503
667701
667799
667925
668079
668204
668348
668583
668767
668907
669177
669316
669524
669699
669796
670041
670271
670423
670563
670743
670975
671152
671283
671499
671607
671833
672025
672183
672329
672453
672721
672939
673123
673292
673479
673713
673828
673984
674108
674307
674512
674692
674896
675117
675333
675533
675661
675964
676151
676316
676507
676593
676757
676899
677036
677252
677392
677596
677725
677956
678124
678268
678448
678556
678668
678932
679108
679312
679439
679568
679772
679869
680071
680247
680396
680571
680877
680996
681149
681327
681443
681579
681788
681957
682083
682263
682475
682676
682832
683036
683204
683344
683469
683708
683888
684027
684196
684351
684644
684752
685052
685225
685424
685633
685796
685924
686116
686272
686441
686636
686852
686997
687175
687321
687508
687692
688004
688175
688304
688388
688588
688687
688853
689049
689252
689404
689575
689732
689984
690164
690356
690461
690617
690813
691004
691209
691396
691497
691732
691947
692163
692324
692548
692732
693008
693139
693261
693428
693716
693909
694175
694325
694475
694636
694759
694916
695092
695225
695403
695564
695675
695908
696143
696275
696447
696676
696884
697091
697264
697401
697617
697772
697907
698032
698176
698389
698524
698636
698812
699044
699201
699417
699575
699743
699964
700156
700317
700528
700699
700847
701212
701425
701721
701852
701996
702189
702441
702647
702775
703003
703161
703372
703492
703589
703775
703952
704097
704272
704356
704575
704764
704908
705061
705268
705412
705604
705725
705904
706028
706203
706396
706581
706844
706988
707121
707225
707413
707612
707729
707903
708028
708272
708436
708589
708836
709076
709281
709551
709708
709907
710001
710156
710404
710716
710972
711188
711364
711567
711716
711925
712148
712313
712412
712604
712748
712963
713061
713308
713457
713588
713788
713975
714141
714275
714411
714508
714701
714877
715039
715196
715329
715556
715732
715892
716084
716332
716432
716607
716697
716852
717076
717268
717409
717575
717764
717916
718108
718227
718364
718587
718749
718857
719109
719275
719408
719612
719771
719876
720028
720212
720388
720704
720925
721036
721244
721388
721564
721775
721913
722079
722188
722402
722576
722804
723025
723152
723267
723583
723836
724076
724252
724427
724628
724841
725053
725204
725456
725636
725828
726016
726148
726412
726523
726676
726849
727004
727148
727477
727616
727772
728044
728188
728361
728492
728636
728836
729044
729175
729369
729509
729692
729873
730036
730196
730412
730556
730748
730852
731151
731275
731468
731687
731792
732011
732177
732352
732476
732736
732988
733167
733276
733456
733648
733804
733959
734067
734276
734444
734725
734841
735044
735275
735484
735633
735808
735925
736172
736336
736551
736769
736943
737092
737239
737379
737577
737757
737959
738125
738275
738436
738603
738812
739009
739225
739348
739539
739737
739953
740084
740252
740396
740612
740732
740932
741159
741308
741483
741716
741875
742093
742204
742372
742573
742779
742941
743056
743216
743332
743525
743692
743859
744052
744196
744433
744561
744748
744916
745083
745204
745443
745623
745904
746048
746288
746496
746684
746836
746973
747056
747364
747532
747693
748012
748175
748324
748532
748724
748864
748989
749161
749396
749572
749725
749876
750052
750292
750532
750631
750796
751004
751219
751473
751552
751761
751952
752116
752419
752589
752741
752912
753164
753292
753436
753604
753772
753964
754119
754288
754497
754713
754844
755053
755237
755397
755621
755812
756016
756172
756423
756556
756707
756848
757028
757228
757388
757556
757648
757791
757916
758063
758188
758452
758672
758804
759028
759196
759412
759548
759789
759952
760112
760336
760528
760707
760859
761104
761239
761428
761636
761841
762071
762224
762364
762471
762633
762836
763036
763172
763316
763472
763652
763839
764084
764228
764425
764564
764752
764944
765124
765376
765712
765819
765925
766076
766197
766396
766525
766756
766827
767007
767168
767324
767504
767675
767873
768116
768267
768429
768569
768764
768932
769075
769276
769439
769617
769852
770139
770332
770444
770571
770747
770941
771025
771164
771327
771508
771724
771859
772029
772228
772479
772612
772775
773001
773275
773456
773572
773764
774028
774208
774388
774527
774716
774964
775053
775233
775408
775539
775756
775879
776108
776313
776452
776597
776788
777025
777159
777339
777536
777807
778025
778159
778324
778463
778653
778797
778909
779149
779308
779468
779668
779908
780111
780212
780412
780561
780687
780916
781036
781175
781372
781587
781713
781916
782156
782372
782636
782836
783025
783233
783425
783568
783747
783927
784057
784197
784359
784611
784708
784899
785108
785296
785548
785756
785936
786164
786432
786628
786789
786908
787084
787264
787401
787581
787775
787977
788092
788301
788468
788644
788787
788981
789111
789244
789364
789524
789737
789913
790173
790276
790528
790708
790864
791036
791225
791408
791631
791757
791919
792149
792292
792475
792711
792884
793025
793161
793388
793593
793808
794021
794176
794372
794601
794731
794896
795044
795283
795376
795632
795812
795952
796149
796301
796475
796707
796864
797075
797296
797488
797716
797932
798032
798332
798579
798736
798939
799101
799228
799324
799508
799684
799856
800021
800164
800433
800636
800764
800948
801153
801369
801484
801628
801781
801932
802081
802352
802544
802796
802925
803156
803457
803596
803727
804005
804208
804411
804556
804679
804879
805041
805228
805436
805667
805797
805925
806049
806228
806396
806567
806697
806924
807076
807236
807376
807572
807777
807903
808075
808244
808389
808525
808784
809003
809164
809341
809444
809584
809793
810017
810171
810352
810556
810703
810868
811025
811143
811467
811683
811791
811953
812096
812368
812601
812836
812999
813244
813356
813452
813627
813796
814075
814276
814375
814628
814761
815044
815225
815391
815553
815788
815888
816076
816247
816428
816611
816932
817196
817371
817508
817744
817925
818068
818228
818387
818564
818739
819004
819164
819297
819652
819733
819916
820124
820269
820444
820587
820748
820912
821187
821308
821537
821657
821727
821908
822128
822356
822532
822652
822832
823037
823184
823437
823617
823792
823939
824139
824247
824336
824624
824751
824932
825116
825307
825488
825607
825725
825932
826108
826299
826412
826679
826825
827072
827267
827504
827644
827761
828027
828164
828316
828607
828788
828999
829204
829364
829484
829636
829783
829924
830043
830187
830276
830493
830673
830876
831059
831196
831391
831591
831788
831971
832131
832228
832444
832576
832868
833072
833225
833348
833572
833732
833876
834029
834147
834353
834448
834633
834796
835009
835196
835348
835568
835747
835972
836116
836356
836624
836756
836908
837028
837233
837407
837557
837776
837904
838076
838243
838336
838592
838804
838972
839084
839252
839404
839548
839756
839907
840044
840325
840452
840587
840725
840848
841052
841264
841408
841612
841844
841996
842132
842359
842575
842803
842956
843152
843328
843491
843652
843844
844083
844252
844379
844667
844813
844925
845072
845217
845393
845593
845764
845911
846064
846297
846521
846652
846775
846981
847124
847268
847436
847553
847772
847971
848272
848492
848576
848763
848908
849104
849317
849532
849788
849916
850167
850348
850581
850732
850877
851152
851372
851517
851668
851859
852061
852257
852407
852596
852818
852988
853137
853276
853433
853569
853696
853964
854156
854416
854573
854852
855004
855248
855425
855629
855788
855927
856079
856252
856384
856588
856756
856948
857097
857399
857492
857583
857825
857943
858068
858236
858431
858619
858692
858932
859088
859203
859329
859525
859743
859999
860252
860525
860661
860859
861077
861268
861425
861584
861731
861932
862075
862227
862363
862609
862768
862929
863125
863308
863452
863636
863812
863932
864153
864428
864592
864832
865111
865316
865484
865647
865936
866097
866284
866428
866612
866825
866993
867148
867364
867575
867771
868004
868221
868417
868563
868676
868892
869013
869236
869373
869552
869716
869872
870076
870308
870544
870724
870868
871025
871184
871407
871636
871888
872048
872272
872428
872543
872752
872932
873116
873428
873556
873725
873844
874036
874124
874396
874539
874708
874876
875169
875356
875536
875709
875948
876124
876303
876403
876553
876784
877004
877204
877412
877541
877675
877852
878032
878139
878293
878512
878672
878841
879028
879183
879344
879568
879741
879908
880052
880252
880547
880625
880784
880972
881201
881343
881487
881675
881883
882081
882212
882452
882729
882925
883143
883287
883475
883612
883756
884009
884236
884333
884629
884812
884932
885056
885308
885488
885663
885824
885968
886156
886324
886525
886753
886916
887092
887312
887636
887804
887996
888164
888275
888452
888579
888788
889156
889281
889388
889612
889803
889943
890075
890224
890433
890587
890829
891056
891172
891376
891567
891747
891908
892076
892244
892489
892688
892876
893012
893132
893259
893356
893601
893852
893983
894224
894397
894593
894807
895012
895193
895383
895676
895808
895996
896144
896276
896576
896708
896836
897043
897236
897399
897488
897716
897868
898075
898281
898461
898676
898839
899029
899225
899375
899588
899792
899975
900179
900325
900477
900639
900925
901161
901372
901521
901701
901863
902036
902171
902404
902516
902732
902992
903116
903284
903511
903664
903796
904023
904131
904348
904496
904671
904796
904964
905228
905481
905589
905841
906057
906212
906524
906608
906764
907012
907209
907333
907529
907696
907975
908272
908411
908528
908756
908932
909124
909389
909557
909725
909963
910071
910256
910359
910449
910612
910773
910881
911216
911425
911583
911825
911977
912141
912388
912508
912771
913004
913196
913324
913436
913676
913783
913936
914092
914247
914391
914588
914797
914948
915172
915309
915476
915633
915811
915932
916148
916349
916551
916684
916821
916948
917132
917361
917572
917725
917872
918025
918207
918356
918524
918711
918853
919025
919175
919348
919507
919675
919825
919953
920189
920356
920548
920812
920908
921033
921231
921392
921572
921812
922004
922192
922384
922577
922797
922923
923072
923228
923396
923575
923787
924003
924124
924325
924599
924849
925084
925268
925461
925571
925732
925929
926188
926361
926452
926672
926875
927152
927337
927484
927676
927844
928075
928324
928496
928756
928975
929189
929401
929619
929744
929871
930025
930196
930425
930572
930683
930807
931024
931204
931347
931564
931696
931904
932103
932336
932636
932804
932956
933116
933291
933425
933687
933921
934064
934288
934475
934652
934832
935001
935225
935469
935668
935811
936027
936189
936423
936596
936783
936929
937084
937276
937445
937675
937863
938048
938164
938452
938612
938799
938932
939088
939236
939397
939572
939728
939908
940112
940239
940468
940724
940941
941139
941273
941437
941764
941956
942164
942309
942416
942561
942784
942988
943168
943351
943556
943708
943952
944199
944339
944464
944631
944848
945044
945232
945332
945596
945837
945963
946161
946325
946557
946775
946916
947092
947259
947468
947588
947871
948044
948284
948496
948644
948925
949108
949276
949491
949653
949825
950013
950213
950384
950524
950804
951003
951164
951404
951543
951725
951903
952036
952217
952436
952652
952828
952975
953117
953296
953444
953692
953843
953937
954099
954297
954544
954704
954892
954988
955156
955412
955567
955723
955888
956033
956297
956476
956619
956763
956932
957092
957316
957509
957668
957844
958036
958124
958311
958492
958796
958948
959212
959396
959571
959788
959913
960129
960272
960436
960604
960788
961036
961209
961388
961516
961732
961964
962127
962361
962564
962708
962932
963244
963436
963568
963657
963909
964112
964233
964372
964647
964825
965044
965225
965332
965511
965764
965975
966133
966275
966464
966716
966925
967124
967244
967444
967628
967804
967972
968225
968387
968563
968692
968972
969175
969428
969575
969712
969812
969964
970096
970364
970532
970621
970803
970947
971127
971283
971525
971728
971996
972207
972364
972549
972719
972913
973052
973325
973612
973825
973916
974132
974332
974425
974588
974709
974912
975148
975393
975556
975812
976031
976172
976484
976636
976832
976988
977212
977356
977572
977716
977841
978064
978212
978381
978532
978676
978844
979012
979148
979375
979508
979696
979857
980037
980221
980369
980528
980684
980829
981029
981181
981333
981556
981712
981999
982108
982323
982484
982612
982844
983012
983132
983479
983596
983817
983956
984175
984311
984512
984688
984812
984964
985084
985243
985475
985671
985891
986075
986228
986373
986525
986747
986896
987092
987248
987472
987643
987748
988004
988207
988443
988587
988804
988996
989127
989375
989504
989732
989888
990188
990404
990532
990764
990916
991161
991388
991523
991696
991861
992097
992228
992389
992564
992716
992889
993068
993231
993404
993725
993889
994036
994225
994372
994509
994741
994887
995067
995229
995373
995504
995661
995884
996148
996381
996532
996724
996833
996993
997232
997371
997552
997732
997996
998132
998289
998428
998672
998848
999073
999308
999472
999632
999823
[Finished in 1.9s]